       1                2          1      -1
                        0
       2                0
                        0
       3                1          1
                        1         -1
       4                1          2
                        0
       5                1          3
                        2          2       1
       6                2          4      -4
                        6          3       2       1      -1      -2      -3
       7                2          5      -3
                        6          4       3       2       1      -1      -2
       8                1         -2
                        3          2       1      -1
       9                1         -1
                        0
      10                0
                        0
      11                1          1
                        1         -1
      12                1          2
                        1          1
      13                1          3
                        1          1
      14                2          4      -4
                        6          3       2       1      -1      -2      -3
      15                3          5       3      -3
                        5          4       2       1      -1      -2
      16                4          6       4       2      -2
                        4          5       3       1      -1
      17                5          7       5       3       1      -1
                        3          6       4       2
      18                0
                        0
      19                1          1
                        0
      20                1          2
                        0
      21                1          3
                        2          2       1
      22                1          4
                        4          3       2       1      -1
      23                1          5
                        5          4       3       2       1      -1
      24                2          6       3
                        6          5       4       2       1      -1      -2
      25                3          7       4       2
                        7          6       5       3       1      -1      -2      -3
      26                2          3       2
                        6          6       5       4       1      -1      -2
      27                2          3       2
                        5          5       4       1      -1      -2
      28                1          2
                        4          4       3       1      -1
      29                1          2
                        3          4       3       1
      30                1          2
                        0
      31                1          3
                        2          2       1
      32                3          4       2      -4
                        2          3       1
      33                3          5       3      -3
                        1          2
      34                4          6       4       2      -2
                        0
      35                5          7       5       3       1      -1
                        1          4
      36                1          2
                        0
      37                1          1
                        0
      38                1          2
                        0
      39                1          3
                        2          2       1
      40                1          4
                        3          3       2       1
      41                1          5
                        4          4       3       2      -1
      42                2          6       4
                        6          5       3       2       1      -1      -2
      43                2          7       4
                        7          6       5       3       2       1      -1      -3
      44                2          4       3
                        7          8       7       6       5       2       1      -2
      45                1          3
                        6          6       5       4       2       1      -1
      46                2          4       2
                        0
      47                1          1
                        2          3       2
      48                1          2
                        0
      49                1          3
                        2          2       1
      50                3          4       2      -4
                        0
      51                3          5       3      -3
                        0
      52                4          6       4       2      -2
                        1          5
      53                5          7       5       3       1      -1
                        0
      54                3          6       4       2
                        1          8
      55                1          1
                        0
      56                1          2
                        0
      57                1          3
                        1          2
      58                2          4       3
                        1          2
      59                1          3
                        2          4       2
      60                1          3
                        1          2
      61                1          3
                        0
      62                1          3
                        1          2
      63                2          3       2
                        0
      64                1          3
                        2          2       1
      65                1          3
                        2          4       1
      66                1          3
                        1          2
      67                1          3
                        0
      68                1          3
                        0
      69                1          3
                        1          2
      70                1          3
                        1          2
      71                1          3
                        0
      72                1          4
                        2          3       2
      73                1          5
                        4          4       3       2      -1
      74                2          6       4
                        6          5       3       2       1      -1      -2
      75                1          4
                        8          7       6       5       3       2       1      -1      -3
      76                1          4
                        8          8       7       6       5       3       2       1      -2
      77                2          4       3
                        6          6       5       2       1      -1      -3
      78                2          4       2
                        2          6       5
      79                1          3
                        4          5       2       1      -1
      80                2          2       1
                        1          4
      81                2          3       1
                        0
      82                2          4       2
                        1         -4
      83                1          3
                        2          5      -3
      84                3          4       2      -2
                        1          6
      85                1          1
                        1         -1
      86                0
                        0
      87                1          1
                        0
      88                1          2
                        0
      89                1          3
                        0
      90                1          4
                        2          3       2
      91                1          5
                        2          4       3
      92                1          6
                        3          5       4       3
      93                1          5
                        4          7       6       4       3
      94                1          4
                        4          7       6       5       3
      95                1          3
                        4          6       5       4       2
      96                1          3
                        1          4
      97                1          3
                        1          4
      98                1          3
                        2          4       1
      99                1          3
                        1          2
     100                1          3
                        1          2
     101                1          3
                        1          2
     102                1          3
                        1          2
     103                1          3
                        0
     104                1          4
                        0
     105                1          5
                        0
     106                1          6
                        0
     107                1          7
                        0
     108                1          8
                        0
