Li		1		5		0.81
Li		1		7		0.98
Be		2		5		0.50
B		3		5		0.33
C		4		5		0.26
O		-2		5		1.25
O		-2		7		1.27
F		-1		5		1.18
Na		1		10		1.42
Na		1		11		1.48
Mg		2		7		0.97
Si		4		5		0.47
S		6		5		0.34
Cl		7		5		0.31
K		1		5		1.53
K		1		11		1.75
Ca		2		11		1.39
Sc		3		7		0.95
Ti		4		7		0.81
V		4		7		0.79
Cr		4		5		0.62
Cr		5		5		0.55
Cr		5		7		0.66
Cr		6		5		0.49
Mn		4		5		0.60
Mn		7		5		0.49
Cu		1		3		0.67
Cu		1		5		0.83
Zn		2		7		0.96
Ge		4		5		0.60
As		5		5		0.54
Se		6		5		0.49
Br		7		5		0.46
Rb		1		13		1.91
Sr		2		11		1.54
Nb		4		7		0.88
Nb		5		5		0.70
Mo		5		5		0.68
Tc		7		5		0.60
Pd		2		5		0.89
Ag		1		3		1.00
Ag		2		5		1.01
Ag		3		5		0.85
Cd		2		9		1.28
Cd		2		10		1.34
Cd		2		11		1.41
In		3		5		0.84
In		3		7		0.99
Te		4		5		0.96
Te		6		5		0.64
I		5		4		0.75
I		5		5		0.92
I		7		5		0.61
Xe		8		5		0.58
Cs		1		7		1.85
La		3		11		1.46
Ce		3		11		1.44
Ce		4		7		1.06
Ce		4		9		1.15
Ce		4		11		1.24
Pr		3		7		1.20
Pr		4		7		1.04
Nd		3		7		1.19
Nd		3		10		1.33
Nd		3		11		1.38
Pm		3		7		1.17
Sm		3		10		1.30
Sm		3		11		1.35
Tb		4		7		0.96
Ho		3		7		1.10
Tm		3		7		1.08
Lu		3		7		1.06
Hf		4		5		0.78
Re		7		5		0.59
Pt		2		5		0.84
Au		3		5		0.91
Hg		1		4		1.18
Hg		1		5		1.26
Hg		2		3		0.95
Hg		2		5		1.09
Hg		2		7		1.23
Tl		1		7		1.68
Tl		1		9		1.75
Tl		1		10		1.78
Tl		1		11		1.81
Tl		3		5		0.95
Tl		3		7		1.07
Pb		2		5		1.23
Pb		4		7		1.00
Bi		3		7		1.24
Po		4		7		1.15
Ra		2		9		1.68
Ra		2		10		1.73
Ra		2		11		1.79
Th		4		7		1.13
Pa		4		7		1.09
Pa		5		7		0.98
U		4		10		1.23
U		4		11		1.27
U		6		3		0.64
U		6		5		0.78
Np		4		7		1.06
Pu		4		7		1.05
Am		3		7		1.17
Am		4		7		1.04
Cm		4		6		0.97
Cm		4		7		1.01
Bk		4		7		1.02
Cf		4		7		1.01