D		1		2		0		0		0.04
H		1		1		0		0		-0.24
H		1		2		0		0		-0.04
Li		1		4		0		0		0.73
Li		1		6		0		0		0.90
Li		1		8		0		0		1.06
Be		2		3		0		0		0.30
Be		2		4		0		0		0.41
Be		2		6		0		0		0.59
B		3		3		0		0		0.15
B		3		4		0		0		0.25
B		3		6		0		0		0.41
C		4		3		0		0		0.06
C		4		4		0		0		0.29
C		4		6		0		0		0.30
N		-3		4		0		0		1.32
N		3		6		0		0		0.30
N		5		3		0		0		0.04
N		5		4		0		0		0.27
O		-2		2		0		0		1.21
O		-2		3		0		0		1.22
O		-2		4		0		0		1.24
O		-2		6		0		0		1.26
O		-2		8		0		0		1.28
F		-1		2		0		0		1.15
F		-1		3		0		0		1.16
F		-1		4		0		0		1.17
F		-1		6		0		0		1.19
F		7		6		0		0		0.22
Na		1		4		0		0		1.13
Na		1		5		0		0		1.14
Na		1		6		0		0		1.16
Na		1		7		0		0		1.26
Na		1		8		0		0		1.32
Na		1		9		0		0		1.38
Na		1		12		0		0		1.53
Mg		2		4		0		0		0.71
Mg		2		5		0		0		0.80
Mg		2		6		0		0		0.86
Mg		2		8		0		0		1.03
Al		3		4		0		0		0.53
Al		3		5		0		0		0.62
Al		3		6		0		0		0.68
Si		4		4		0		0		0.40
Si		4		6		0		0		0.54
P		3		6		0		0		0.58
P		5		4		0		0		0.31
P		5		5		0		0		0.43
P		5		6		0		0		0.52
S		-2		6		0		0		1.70
S		4		6		0		0		0.51
S		6		4		0		0		0.26
S		6		6		0		0		0.43
Cl		-1		6		0		0		1.67
Cl		5		3		2		0		0.26
Cl		7		4		0		0		0.22
Cl		7		6		0		0		0.41
K		1		4		0		0		1.51
K		1		6		0		0		1.52
K		1		7		0		0		1.60
K		1		8		0		0		1.65
K		1		9		0		0		1.69
K		1		10		0		0		1.73
K		1		12		0		0		1.78
Ca		2		6		0		0		1.14
Ca		2		7		0		0		1.20
Ca		2		8		0		0		1.26
Ca		2		9		0		0		1.32
Ca		2		10		0		0		1.37
Ca		2		12		0		0		1.40
Sc		3		6		0		0		0.89
Sc		3		8		0		0		1.01
Ti		2		6		0		0		1.00
Ti		3		6		0		0		0.81
Ti		4		4		0		0		0.56
Ti		4		5		0		0		0.65
Ti		4		6		0		0		0.74
Ti		4		8		0		0		0.88
V		2		6		0		0		0.93
V		3		6		0		0		0.78
V		4		5		0		0		0.67
V		4		6		0		0		0.72
V		4		8		0		0		0.86
V		5		4		0		0		0.49
V		5		5		0		0		0.60
V		5		6		0		0		0.68
Cr		2		6		0		1		0.87
Cr		2		6		0		2		0.94
Cr		3		6		0		0		0.76
Cr		4		4		0		0		0.55
Cr		4		6		0		0		0.69
Cr		5		4		0		0		0.48
Cr		5		6		0		0		0.63
Cr		5		8		0		0		0.71
Cr		6		4		0		0		0.40
Cr		6		6		0		0		0.58
Mn		2		4		0		2		0.80
Mn		2		5		0		2		0.89
Mn		2		6		0		1		0.81
Mn		2		6		0		2		0.97
Mn		2		7		0		2		1.04
Mn		2		8		0		0		1.10
Mn		3		5		0		0		0.72
Mn		3		6		0		1		0.72
Mn		3		6		0		2		0.79
Mn		4		4		0		0		0.53
Mn		4		6		0		0		0.67
Mn		5		4		0		0		0.47
Mn		6		4		0		0		0.40
Mn		7		4		0		0		0.39
Mn		7		6		0		0		0.60
Fe		2		4		0		2		0.77
Fe		2		4		1		2		0.78
Fe		2		6		0		1		0.75
Fe		2		6		0		2		0.92
Fe		2		8		0		2		1.06
Fe		3		4		0		2		0.63
Fe		3		5		0		0		0.72
Fe		3		6		0		1		0.69
Fe		3		6		0		2		0.79
Fe		3		8		0		2		0.92
Fe		4		6		0		0		0.72
Fe		6		4		0		0		0.39
Co		2		4		0		2		0.72
Co		2		5		0		0		0.81
Co		2		6		0		1		0.79
Co		2		6		0		2		0.89
Co		2		8		0		0		1.04
Co		3		6		0		1		0.69
Co		3		6		0		2		0.75
Co		4		4		0		0		0.54
Co		4		6		0		2		0.67
Ni		2		4		0		0		0.69
Ni		2		4		1		0		0.63
Ni		2		5		0		0		0.77
Ni		2		6		0		0		0.83
Ni		3		6		0		1		0.70
Ni		3		6		0		2		0.74
Ni		4		6		0		1		0.62
Cu		1		2		0		0		0.60
Cu		1		4		0		0		0.74
Cu		1		6		0		0		0.91
Cu		2		4		1		0		0.71
Cu		2		4		0		0		0.71
Cu		2		5		0		0		0.79
Cu		2		6		0		0		0.87
Cu		3		6		0		1		0.68
Zn		2		4		0		0		0.74
Zn		2		5		0		0		0.82
Zn		2		6		0		0		0.88
Zn		2		8		0		0		1.04
Ga		3		4		0		0		0.61
Ga		3		5		0		0		0.69
Ga		3		6		0		0		0.76
Ge		2		6		0		0		0.87
Ge		4		4		0		0		0.53
Ge		4		6		0		0		0.67
As		3		6		0		0		0.72
As		5		4		0		0		0.47
As		5		6		0		0		0.60
Se		-2		6		0		0		1.84
Se		4		6		0		0		0.64
Se		6		4		0		0		0.42
Se		6		6		0		0		0.56
Br		-1		6		0		0		1.82
Br		3		4		1		0		0.73
Br		5		3		2		0		0.45
Br		7		4		0		0		0.39
Br		7		6		0		0		0.53
Rb		1		6		0		0		1.66
Rb		1		7		0		0		1.70
Rb		1		8		0		0		1.75
Rb		1		9		0		0		1.77
Rb		1		10		0		0		1.80
Rb		1		11		0		0		1.83
Rb		1		12		0		0		1.86
Rb		1		14		0		0		1.97
Sr		2		6		0		0		1.32
Sr		2		7		0		0		1.35
Sr		2		8		0		0		1.40
Sr		2		9		0		0		1.45
Sr		2		10		0		0		1.50
Sr		2		12		0		0		1.58
Y		3		6		0		0		1.04
Y		3		7		0		0		1.10
Y		3		8		0		0		1.16
Y		3		9		0		0		1.22
Zr		4		4		0		0		0.73
Zr		4		5		0		0		0.80
Zr		4		6		0		0		0.86
Zr		4		7		0		0		0.92
Zr		4		8		0		0		0.98
Zr		4		9		0		0		1.03
Nb		3		6		0		0		0.86
Nb		4		6		0		0		0.82
Nb		4		8		0		0		0.93
Nb		5		4		0		0		0.62
Nb		5		6		0		0		0.78
Nb		5		7		0		0		0.83
Nb		5		8		0		0		0.88
Mo		3		6		0		0		0.83
Mo		4		6		0		0		0.79
Mo		5		4		0		0		0.60
Mo		5		6		0		0		0.75
Mo		6		4		0		0		0.55
Mo		6		5		0		0		0.64
Mo		6		6		0		0		0.73
Mo		6		7		0		0		0.87
Tc		4		6		0		0		0.79
Tc		5		6		0		0		0.74
Tc		7		4		0		0		0.51
Tc		7		6		0		0		0.70
Ru		3		6		0		0		0.82
Ru		4		6		0		0		0.76
Ru		5		6		0		0		0.70
Ru		7		4		0		0		0.52
Ru		8		4		0		0		0.50
Rh		3		6		0		0		0.81
Rh		4		6		0		0		0.74
Rh		5		6		0		0		0.69
Pd		1		2		0		0		0.73
Pd		2		4		1		0		0.78
Pd		2		6		0		0		1.00
Pd		3		6		0		0		0.90
Pd		4		6		0		0		0.76
Ag		1		2		0		0		0.81
Ag		1		4		0		0		1.14
Ag		1		4		1		0		1.16
Ag		1		5		0		0		1.23
Ag		1		6		0		0		1.29
Ag		1		7		0		0		1.36
Ag		1		8		0		0		1.42
Ag		2		4		1		0		0.93
Ag		2		6		0		0		1.08
Ag		3		4		1		0		0.81
Ag		3		6		0		0		0.89
Cd		2		4		0		0		0.92
Cd		2		5		0		0		1.01
Cd		2		6		0		0		1.09
Cd		2		7		0		0		1.17
Cd		2		8		0		0		1.24
Cd		2		12		0		0		1.45
In		3		4		0		0		0.76
In		3		6		0		0		0.94
In		3		8		0		0		1.06
Sn		4		4		0		0		0.69
Sn		4		5		0		0		0.76
Sn		4		6		0		0		0.83
Sn		4		7		0		0		0.89
Sn		4		8		0		0		0.95
Sb		3		4		0		0		0.90
Sb		3		5		0		0		0.94
Sb		3		6		2		0		0.90
Sb		5		6		0		0		0.74
Te		-2		6		0		0		2.07
Te		4		3		0		0		0.66
Te		4		4		0		0		0.80
Te		4		6		0		0		1.11
Te		6		4		0		0		0.57
Te		6		6		0		0		0.70
I		-1		6		0		0		2.06
I		5		3		2		0		0.58
I		5		6		0		0		1.09
I		7		4		0		0		0.56
I		7		6		0		0		0.67
Xe		8		4		0		0		0.54
Xe		8		6		0		0		0.62
Cs		1		6		0		0		1.81
Cs		1		8		0		0		1.88
Cs		1		9		0		0		1.92
Cs		1		10		0		0		1.95
Cs		1		11		0		0		1.99
Cs		1		12		0		0		2.02
Ba		2		6		0		0		1.49
Ba		2		7		0		0		1.52
Ba		2		8		0		0		1.56
Ba		2		9		0		0		1.61
Ba		2		10		0		0		1.66
Ba		2		11		0		0		1.71
Ba		2		12		0		0		1.75
La		3		6		0		0		1.17
La		3		7		0		0		1.24
La		3		8		0		0		1.30
La		3		9		0		0		1.36
La		3		10		0		0		1.41
La		3		12		0		0		1.50
Ce		3		6		0		0		1.15
Ce		3		7		0		0		1.21
Ce		3		8		0		0		1.28
Ce		3		9		0		0		1.34
Ce		3		10		0		0		1.39
Ce		3		12		0		0		1.48
Ce		4		6		0		0		1.01
Ce		4		8		0		0		1.11
Ce		4		10		0		0		1.21
Ce		4		12		0		0		1.28
Pr		3		6		0		0		1.13
Pr		3		8		0		0		1.27
Pr		3		9		0		0		1.32
Pr		4		6		0		0		0.99
Pr		4		8		0		0		1.10
Nd		2		8		0		0		1.43
Nd		2		9		0		0		1.49
Nd		3		6		0		0		1.12
Nd		3		8		0		0		1.25
Nd		3		9		0		0		1.30
Nd		3		12		0		0		1.41
Pm		3		6		0		0		1.11
Pm		3		8		0		0		1.23
Pm		3		9		0		0		1.28
Sm		2		7		0		0		1.36
Sm		2		8		0		0		1.41
Sm		2		9		0		0		1.46
Sm		3		6		0		0		1.10
Sm		3		7		0		0		1.16
Sm		3		8		0		0		1.22
Sm		3		9		0		0		1.27
Sm		3		12		0		0		1.38
Eu		2		6		0		0		1.31
Eu		2		7		0		0		1.34
Eu		2		8		0		0		1.39
Eu		2		9		0		0		1.44
Eu		2		10		0		0		1.49
Eu		3		6		0		0		1.09
Eu		3		7		0		0		1.15
Eu		3		8		0		0		1.21
Eu		3		9		0		0		1.26
Gd		3		6		0		0		1.08
Gd		3		7		0		0		1.14
Gd		3		8		0		0		1.19
Gd		3		9		0		0		1.25
Tb		3		6		0		0		1.06
Tb		3		7		0		0		1.12
Tb		3		8		0		0		1.18
Tb		3		9		0		0		1.24
Tb		4		6		0		0		0.90
Tb		4		8		0		0		1.02
Dy		2		6		0		0		1.21
Dy		2		7		0		0		1.27
Dy		2		8		0		0		1.33
Dy		3		6		0		0		1.05
Dy		3		7		0		0		1.11
Dy		3		8		0		0		1.17
Dy		3		9		0		0		1.22
Ho		3		6		0		0		1.04
Ho		3		8		0		0		1.16
Ho		3		9		0		0		1.21
Ho		3		10		0		0		1.26
Er		3		6		0		0		1.03
Er		3		7		0		0		1.08
Er		3		8		0		0		1.14
Er		3		9		0		0		1.20
Tm		2		6		0		0		1.17
Tm		2		7		0		0		1.23
Tm		3		6		0		0		1.02
Tm		3		8		0		0		1.13
Tm		3		9		0		0		1.19
Yb		2		6		0		0		1.16
Yb		2		7		0		0		1.22
Yb		2		8		0		0		1.28
Yb		3		6		0		0		1.01
Yb		3		7		0		0		1.06
Yb		3		8		0		0		1.12
Yb		3		9		0		0		1.18
Lu		3		6		0		0		1.00
Lu		3		8		0		0		1.12
Lu		3		9		0		0		1.17
Hf		4		4		0		0		0.72
Hf		4		6		0		0		0.85
Hf		4		7		0		0		0.90
Hf		4		8		0		0		0.97
Ta		3		6		0		0		0.86
Ta		4		6		0		0		0.82
Ta		5		6		0		0		0.78
Ta		5		7		0		0		0.83
Ta		5		8		0		0		0.88
W		4		6		0		0		0.80
W		5		6		0		0		0.76
W		6		4		0		0		0.56
W		6		5		0		0		0.65
W		6		6		0		0		0.74
Re		4		6		0		0		0.77
Re		5		6		0		0		0.72
Re		6		6		0		0		0.69
Re		7		4		0		0		0.52
Re		7		6		0		0		0.67
Os		4		6		0		0		0.77
Os		5		6		0		0		0.71
Os		6		5		0		0		0.63
Os		6		6		0		0		0.69
Os		7		6		0		0		0.67
Os		8		4		0		0		0.53
Ir		3		6		0		0		0.82
Ir		4		6		0		0		0.77
Ir		5		6		0		0		0.71
Pt		2		4		1		0		0.74
Pt		2		6		0		0		0.94
Pt		4		6		0		0		0.77
Pt		5		6		0		0		0.71
Au		1		6		0		0		1.51
Au		3		4		1		0		0.82
Au		3		6		0		0		0.99
Au		5		6		0		0		0.71
Hg		1		3		0		0		1.11
Hg		1		6		0		0		1.33
Hg		2		2		0		0		0.83
Hg		2		4		0		0		1.10
Hg		2		6		0		0		1.16
Hg		2		8		0		0		1.28
Tl		1		6		0		0		1.64
Tl		1		8		0		0		1.73
Tl		1		12		0		0		1.84
Tl		3		4		0		0		0.89
Tl		3		6		0		0		1.02
Tl		3		8		0		0		1.12
Pb		2		4		2		0		1.12
Pb		2		6		0		0		1.33
Pb		2		7		0		0		1.37
Pb		2		8		0		0		1.43
Pb		2		9		0		0		1.49
Pb		2		10		0		0		1.54
Pb		2		11		0		0		1.59
Pb		2		12		0		0		1.63
Pb		4		4		0		0		0.79
Pb		4		5		0		0		0.87
Pb		4		6		0		0		0.92
Pb		4		8		0		0		1.08
Bi		3		5		0		0		1.10
Bi		3		6		0		0		1.17
Bi		3		8		0		0		1.31
Bi		5		6		0		0		0.90
Po		4		6		0		0		1.08
Po		4		8		0		0		1.22
Po		6		6		0		0		0.81
At		7		6		0		0		0.76
Fr		1		6		0		0		1.94
Ra		2		8		0		0		1.62
Ra		2		12		0		0		1.84
Ac		3		6		0		0		1.26
Th		4		6		0		0		1.08
Th		4		8		0		0		1.19
Th		4		9		0		0		1.23
Th		4		10		0		0		1.27
Th		4		11		0		0		1.32
Th		4		12		0		0		1.35
Pa		3		6		0		0		1.18
Pa		4		6		0		0		1.04
Pa		4		8		0		0		1.15
Pa		5		6		0		0		0.92
Pa		5		8		0		0		1.05
Pa		5		9		0		0		1.09
U		3		6		0		0		1.17
U		4		6		0		0		1.03
U		4		7		0		0		1.09
U		4		8		0		0		1.14
U		4		9		0		0		1.19
U		4		12		0		0		1.31
U		5		6		0		0		0.90
U		5		7		0		0		0.98
U		6		2		0		0		0.59
U		6		4		0		0		0.66
U		6		6		0		0		0.87
U		6		7		0		0		0.95
U		6		8		0		0		1.00
Np		2		6		0		0		1.24
Np		3		6		0		0		1.15
Np		4		6		0		0		1.01
Np		4		8		0		0		1.12
Np		5		6		0		0		0.89
Np		6		6		0		0		0.86
Np		7		6		0		0		0.85
Pu		3		6		0		0		1.14
Pu		4		6		0		0		1.00
Pu		4		8		0		0		1.10
Pu		5		6		0		0		0.88
Pu		6		6		0		0		0.85
Am		2		7		0		0		1.35
Am		2		8		0		0		1.40
Am		2		9		0		0		1.45
Am		3		6		0		0		1.11
Am		3		8		0		0		1.23
Am		4		6		0		0		0.99
Am		4		8		0		0		1.09
Cm		3		4		0		0		1.11
Cm		4		4		0		0		0.99
Cm		4		8		0		0		1.09
Bk		3		6		0		0		1.10
Bk		4		6		0		0		0.97
Bk		4		8		0		0		1.07
Cf		3		6		0		0		1.09
Cf		4		6		0		0		0.96
Cf		4		8		0		0		1.06
No		2		6		0		0		1.24
As      -3      4       0       0       1.856
As      -3      6       0       0       1.864
P       -3      4       0       0       1.773
P       -3      6       0       0       1.80
C       -4      6       0       0       1.472
Si      -4      8       0       0       2.043
H       -1      6       0       0       1.33
Ge      -4      6       0       0       1.941
Ge      -4      8       0       0       2.051
B	-3	6	0	0	1.465
