element  number  coval_ridus  positive_ridus  negative_r  metal_ridus
H  1  37.1  -0.04  1.33  0
He  2  -1  -999  -999  0
Li  3  123  1.06  -999  152
Be  4  89  0.59  -999  113
B  5  83  0.41  1.465  0
C  6  77  0.3  1.472  0
N  7  70  0.3  1.32  0
O  8  66  -999  1.28  0
F  9  64  0.22  1.19  0
Ne  10  131  -999  -999  0
Na  11  157  1.53  -999  153.7
Mg  12  136  1.03  -999  160
Al  13  125  0.68  -999  143.1
Si  14  117  0.54  2.043  0
P  15  110  0.58  1.8  0
S  16  104  0.51  1.7  0
Cl  17  99  0.41  1.67  0
Ar  18  174  -999  -999  0
K  19  202.5  1.78  -999  227.5
Ca  20  174  1.4  -999  197.3
Sc  21  144  1.01  -999  160.6
Ti  22  132  1  -999  144.8
V  23  122  0.93  -999  132.1
Cr  24  117  0.94  -999  124.9
Mn  25  117  1.1  -999  124
Fe  26  116.5  1.06  -999  124.1
Co  27  116  1.04  -999  125.3
Ni  28  115  0.83  -999  124.6
Cu  29  117  0.91  -999  127.8
Zn  30  125  1.04  -999  133.2
Ga  31  125  0.76  -999  122.1
Ge  32  122  0.87  2.051  122.5
As  33  121  0.72  1.864  124.8
Se  34  117  0.64  1.84  0
Br  35  114.2  0.73  1.82  0
Kr  36  189  -999  -999  0
Rb  37  216  1.97  -999  247.5
Sr  38  192  1.58  -999  215.1
Y  39  162  1.22  -999  181
Zr  40  145  1.03  -999  160
Nb  41  134  0.93  -999  142.9
Mo  42  129  0.87  -999  136.2
Tc  43  -1  0.79  -999  135.8
Ru  44  124  0.82  -999  132.5
Rh  45  125  0.81  -999  134.5
Pd  46  128  1  -999  137.6
Ag  47  134  1.42  -999  144.4
Cd  48  141  1.45  -999  148.9
In  49  150  1.06  -999  162.6
Sn  50  140  0.95  -999  140.5
Sb  51  141  0.94  1.41  141
Te  52  137  1.11  2.07  143.2
I  53  133.3  1.09  2.06  0
Xe  54  209  0.62  -999  0
Cs  55  235  2.02  -999  261.4
Ba  56  198  1.75  -999  217.3
La  57  169  1.5  -999  187.7
Ce  58  164.6  1.48  -999  182.5
Pr  59  164.8  1.32  -999  182.8
Nd  60  164.2  1.49  -999  182.1
Pm  61  -1  1.28  -999  181
Sm  62  166  1.46  -999  180.2
Eu  63  185  1.49  -999  204.2
Gd  64  161.4  1.25  -999  180.2
Tb  65  159.2  1.24  -999  178.2
Dy  66  158.9  1.33  -999  177.3
Ho  67  158  1.26  -999  176.6
Er  68  156.7  1.2  -999  175.7
Tm  69  156.2  1.23  -999  174.6
Yb  70  169.9  1.28  -999  194
Lu  71  155.7  1.17  -999  173.4
Hf  72  144  0.97  -999  156.4
Ta  73  134  0.88  -999  143
W  74  130  0.8  -999  137
Re  75  128  0.77  -999  137
Os  76  126  0.77  -999  134
Ir  77  126  0.82  -999  135.7
Pt  78  129  0.94  -999  138
Au  79  134  1.51  -999  144.2
Hg  80  144  1.33  -999  160
Tl  81  155  1.84  -999  170.4
Pb  82  154  1.63  -999  175
Bi  83  152  1.31  -999  154.7
Po  84  153  1.22  -999  167
At  85  -1  0.76  -999  0
Rn  86  -1  -999  -999  0
Fr  87  -1  1.94  -999  270
Ra  88  -1  1.84  -999  220
Ac  89  -1  1.26  -999  187.8
Th  90  -1  1.35  -999  179.8
Pa  91  -1  1.18  -999  160.5
U  92  -1  1.31  -999  138.5
Np  93  -1  1.24  -999  131
Pu  94  -1  1.14  -999  151
Am  95  -1  1.45  -999  184
Cm  96  -1  1.11  -999  0
Bk  97  -1  1.1  -999  0
Cf  98  -1  1.09  -999  0
Es  99  -1  -999  -999  0
Fm  100  -1  -999  -999  0
Md  101  -1  -999  -999  0
No  102  -1  1.24  -999  0
Lr  103  -1  -999  -999  0
