0.04	-999
-0.04	1.33
-999	-999
1.06	-999
0.59	-999
0.41	1.465
0.3	1.472
0.3	1.32
-999	1.28
0.22	1.19
-999	-999
1.53	-999
1.03	-999
0.68	-999
0.54	2.043
0.58	1.8
0.51	1.7
0.41	1.67
-999	-999
1.78	-999
1.4	-999
1.01	-999
1	-999
0.93	-999
0.94	-999
1.1	-999
1.06	-999
1.04	-999
0.83	-999
0.91	-999
1.04	-999
0.76	-999
0.87	2.051
0.72	1.864
0.64	1.84
0.73	1.82
-999	-999
1.97	-999
1.58	-999
1.22	-999
1.03	-999
0.93	-999
0.87	-999
0.79	-999
0.82	-999
0.81	-999
1	-999
1.42	-999
1.45	-999
1.06	-999
0.95	-999
0.94	1.41
1.11	2.07
1.09	2.06
0.62	-999
2.02	-999
1.75	-999
1.5	-999
1.48	-999
1.32	-999
1.49	-999
1.28	-999
1.46	-999
1.49	-999
1.25	-999
1.24	-999
1.33	-999
1.26	-999
1.2	-999
1.23	-999
1.28	-999
1.17	-999
0.97	-999
0.88	-999
0.8	-999
0.77	-999
0.77	-999
0.82	-999
0.94	-999
1.51	-999
1.33	-999
1.84	-999
1.63	-999
1.31	-999
1.22	-999
0.76	-999
-999	-999
1.94	-999
1.84	-999
1.26	-999
1.35	-999
1.18	-999
1.31	-999
1.24	-999
1.14	-999
1.45	-999
1.11	-999
1.1	-999
1.09	-999
-999	-999
-999	-999
-999	-999
1.24	-999
-999	-999
-999	-999
-999	-999
-999	-999
-999	-999
-999	-999
-999	-999
-999	-999
-999	-999
-999	-999
-999	-999
-999	-999
-999	-999
-999	-999
-999	-999
-999	-999
-999	-999
