       1     120          145      37.1            0
      11     180          180       123            1   153.7
      22     132          132        -1            2   144.8   143.2
      87      -1           -1        -1            1     270
       2     180          180        -1            0
       3     180          180       123            1     152
       4      -1           -1        89            1     113
       5      88           88        83            0
       6     165          170        77            0
       7     155          155        70            0
       8     150          150        66            0
       9     150          160        64            0
      10     160          160       131            0
      11     230          230       157            1   153.7
      12     170          170       136            1     160
      13      -1           -1       125            1   143.1
      14     210          210       117            0
      15     185          185       110            0
      16     180          180       104            0
      17     170          190        99            0
      18     190          190       174            0
      19     280          280     202.5            1   227.5
      20      -1           -1       174            2   197.3   193.9
      21      -1           -1       144            1   160.6
      22      -1           -1       132            2   144.8   143.2
      23      -1           -1       122            1   132.1
      24      -1           -1       117            2   124.9   130.5
      25      -1           -1       117            3     124   136.6   133.4
      26      -1           -1     116.5            3   124.1   128.9     127
      27      -1           -1       116            1   125.3
      28     160          160       115            1   124.6
      29     140          140       117            1   127.8
      30     140          140       125            1   133.2
      31     190          190       125            1   122.1
      32      -1           -1       122            1   122.5
      33     185          185       121            1   124.8
      34     190          190       117            0
      35     180          200     114.2            0
      36     200          200       189            0
      37      -1           -1       216            1   247.5
      38      -1           -1       192            3   215.1     216     210
      39      -1           -1       162            1     181
      40      -1           -1       145            1     160
      41      -1           -1       134            1   142.9
      42      -1           -1       129            1   136.2
      43      -1           -1        -1            1   135.8
      44      -1           -1       124            1   132.5
      45      -1           -1       125            1   134.5
      46     163          163       128            1   137.6
      47     170          170       134            1   144.4
      48     160          160       141            1   148.9
      49     190          190       150            1   162.6
      50     220          220       140            1   140.5
      51     220          220       141            1     141
      52     210          210       137            1   143.2
      53     195          215     133.3            0
      54     220          220       209            0
      55      -1           -1       235            1   261.4
      56      -1           -1       198            1   217.3
      57      -1           -1       169            1   187.7
      58      -1           -1     164.6            1   182.5
      59      -1           -1     164.8            1   182.8
      60      -1           -1     164.2            1   182.1
      61      -1           -1        -1            1     181
      62      -1           -1       166            1   180.2
      63      -1           -1       185            1   204.2
      64      -1           -1     161.4            1   180.2
      65      -1           -1     159.2            1   178.2
      66      -1           -1     158.9            1   177.3
      67      -1           -1       158            1   176.6
      68      -1           -1     156.7            1   175.7
      69      -1           -1     156.2            1   174.6
      70      -1           -1     169.9            1     194
      71      -1           -1     155.7            1   173.4
      72      -1           -1       144            1   156.4
      73      -1           -1       134            1     143
      74      -1           -1       130            1     137
      75      -1           -1       128            1     137
      76      -1           -1       126            1     134
      77      -1           -1       126            1   135.7
      78     170          180       129            1     138
      79     170          170       134            1   144.2
      80     150          150       144            1     160
      81     200          200       155            2   170.4   188.1
      82     200          200       154            1     175
      83      -1           -1       152            1   154.7
      84      -1           -1       153            2     167     168
      85      -1           -1        -1            0
      86     214          214        -1            0
      87      -1           -1        -1            1     270
      88      -1           -1        -1            1     220
      89      -1           -1        -1            1   187.8
      90      -1           -1        -1            2   179.8     178
      91      -1           -1        -1            1   160.5
      92     190          190        -1            2   138.5     153
      93      -1           -1        -1            3     131     138     152
      94      -1           -1        -1            3     151     164     158
      95      -1           -1        -1            1     184
      96      -1           -1        -1            0
      97      -1           -1        -1            0
      98      -1           -1        -1            0
      99      -1           -1        -1            0
     100      -1           -1        -1            0
     101      -1           -1        -1            0
     102      -1           -1        -1            0
     103      -1           -1        -1            0
